version 2
run General-29-20190529-16:33:03-16460
attr configname General
attr datetime 20190529-16:33:03
attr experiment General
attr inifile omnetpp.ini
attr iterationvars ""
attr iterationvarsf ""
attr measurement ""
attr network networks.Net5
attr processid 16460
attr repetition 29
attr replication #29
attr resultdir results
attr runnumber 29
attr seedset 29
param **.appType "\"App\""
param **.app.packetLength "1500 bytes"
param **.app.totalNodes 3
param **.destAddresses "\"0\""
param **.sendIaTime "uniform(5s, 10s)"
param **.sendIaTimeEvil 10ms

vector 0 Net5.rte[0].app endToEndDelay:vector ETV
attr interpolationmode none
attr title "end-to-end delay of arrived packets, vector"
attr unit s
vector 1 Net5.rte[2].app endToEndDelay:vector ETV
attr interpolationmode none
attr title "end-to-end delay of arrived packets, vector"
attr unit s
vector 2 Net5.rte[1].app endToEndDelay:vector ETV
attr interpolationmode none
attr title "end-to-end delay of arrived packets, vector"
attr unit s
0	7	6.526196493867	0.101666666667
0	19	6.729529827201	0.101666666667
0	48	6.932863160535	0.101666666667
0	56	9.104313306377	0.101666666667
0	68	9.307646639711	0.101666666667
0	107	9.510979973045	0.101666666667
0	111	9.52213325581	0.101666666667
0	131	9.725488811366	0.101666666667
0	141	9.727155478033	0.103333333334
0	154	15.342382497254	0.101666666667
0	166	15.545726941699	0.101677777778
0	195	15.749060275033	0.101666666667
0	203	16.815797688539	0.101666666667
0	215	17.019153244095	0.101688888889
0	244	17.222486577429	0.101666666667
0	258	18.795180514422	0.101666666667
0	278	18.998569403311	0.101666666667
0	288	19.000236069978	0.103333333334
0	328	22.773823689038	0.101666666667
0	342	22.875490355705	0.101666666667
0	350	24.183382381086	0.101666666667
0	362	24.386760158864	0.101711111111
0	391	24.590093492198	0.101666666667
0	405	25.843525144006	0.101666666667
0	425	26.046936255117	0.101666666667
0	435	26.048602921784	0.103333333334
0	515	27.899343037546	0.101666666667
0	535	28.004298593101	0.101666666667
0	567	28.207676370879	0.101711111111
1	13	6.627863160534	0.101666666667
1	33	6.831196493868	0.101666666667
1	43	6.832863160535	0.103333333334
1	87	9.409313306378	0.101666666667
1	108	9.510979973045	0.101666666667
1	132	9.725488811366	0.101666666667
1	147	9.827155478033	0.101666666667
1	160	15.444049163921	0.101666666667
1	180	15.647393608366	0.101666666667
1	190	15.649060275033	0.103333333334
1	230	17.120819910762	0.101666666667
1	245	17.222486577429	0.101666666667
1	252	18.693513847755	0.101666666667
1	264	18.896902736644	0.101722222222
1	294	19.100236069978	0.101666666667
1	301	22.468790355704	0.101666666667
1	313	22.672157022371	0.1017
1	343	22.875490355705	0.101666666667
1	356	24.285049047753	0.101666666667
1	376	24.488426825531	0.101666666667
1	386	24.490093492198	0.103333333334
1	399	25.741858477339	0.101666666667
1	411	25.94526958845	0.101744444444
1	441	26.148602921784	0.101666666667
1	458	27.594298593101	0.101666666667
1	490	27.797676370879	0.101711111111
2	34	6.831196493868	0.101666666667
2	49	6.932863160535	0.101666666667
2	62	9.205979973044	0.101666666667
2	86	9.409313306378	0.101666666667
2	96	9.410979973045	0.103333333334
2	99	9.420466589143	0.101666666667
2	117	9.623822144699	0.101688888889
2	146	9.827155478033	0.101666666667
2	181	15.647393608366	0.101666666667
2	196	15.749060275033	0.101666666667
2	209	16.917464355206	0.101666666667
2	229	17.120819910762	0.101666666667
2	239	17.122486577429	0.103333333334
2	279	18.998569403311	0.101666666667
2	293	19.100236069978	0.101666666667
2	307	22.570457022371	0.101666666667
2	327	22.773823689038	0.101666666667
2	337	22.775490355705	0.103333333334
2	377	24.488426825531	0.101666666667
2	392	24.590093492198	0.101666666667
2	426	26.046936255117	0.101666666667
2	440	26.148602921784	0.101666666667
2	474	27.695965259768	0.101666666667
2	514	27.899343037546	0.101666666667
2	518	27.901009704213	0.103333333334
2	551	28.105965259768	0.101666666667

