version 2
run General-23-20190529-16:33:01-9900
attr configname General
attr datetime 20190529-16:33:01
attr experiment General
attr inifile omnetpp.ini
attr iterationvars ""
attr iterationvarsf ""
attr measurement ""
attr network networks.Net5
attr processid 9900
attr repetition 23
attr replication #23
attr resultdir results
attr runnumber 23
attr seedset 23
param **.appType "\"App\""
param **.app.packetLength "1500 bytes"
param **.app.totalNodes 3
param **.destAddresses "\"0\""
param **.sendIaTime "uniform(5s, 10s)"
param **.sendIaTimeEvil 10ms

vector 0 Net5.rte[2].app endToEndDelay:vector ETV
attr interpolationmode none
attr title "end-to-end delay of arrived packets, vector"
attr unit s
vector 1 Net5.rte[0].app endToEndDelay:vector ETV
attr interpolationmode none
attr title "end-to-end delay of arrived packets, vector"
attr unit s
vector 2 Net5.rte[1].app endToEndDelay:vector ETV
attr interpolationmode none
attr title "end-to-end delay of arrived packets, vector"
attr unit s
0	7	7.688156083093	0.101666666667
0	19	7.891489416427	0.101666666667
0	49	8.094822749761	0.101666666667
0	56	8.44715226405	0.101666666667
0	68	8.650485597384	0.101666666667
0	98	8.853818930718	0.101666666667
0	111	9.93814635483	0.101666666667
0	131	10.141501910386	0.101666666667
0	141	10.143168577053	0.103333333334
0	154	14.282848304936	0.101666666667
0	166	14.486203860492	0.101688888889
0	196	14.689537193826	0.101666666667
0	210	19.104841844378	0.101666666667
0	240	19.308219622156	0.101666666667
0	250	19.309886288823	0.103333333334
0	280	19.60020602897	0.101666666667
0	295	19.701872695637	0.101666666667
0	302	25.369417902182	0.101666666667
0	314	25.572784568849	0.1017
0	344	25.776117902183	0.101666666667
0	357	28.529579550227	0.101666666667
0	431	29.479991341044	0.101666666667
0	451	29.584946896599	0.101666666667
0	483	29.788324674377	0.101711111111
1	13	7.78982274976	0.101666666667
1	33	7.993156083094	0.101666666667
1	43	7.994822749761	0.103333333334
1	83	8.752152264051	0.101666666667
1	97	8.853818930718	0.101666666667
1	132	10.141501910386	0.101666666667
1	146	10.243168577053	0.101666666667
1	181	14.587870527159	0.101666666667
1	195	14.689537193826	0.101666666667
1	204	19.003175177711	0.101666666667
1	220	19.206552955489	0.101711111111
1	232	19.295172695636	0.101666666667
1	261	19.409886288823	0.101666666667
1	265	19.498539362303	0.1017
1	294	19.701872695637	0.101666666667
1	308	25.471084568849	0.101666666667
1	328	25.674451235516	0.101666666667
1	338	25.676117902183	0.103333333334
1	374	29.174946896599	0.101666666667
1	406	29.378324674377	0.101711111111
2	34	7.993156083094	0.101666666667
2	48	8.094822749761	0.101666666667
2	62	8.548818930717	0.101666666667
2	82	8.752152264051	0.101666666667
2	92	8.753818930718	0.103333333334
2	105	9.836479688163	0.101666666667
2	117	10.039835243719	0.101688888889
2	147	10.243168577053	0.101666666667
2	160	14.384514971603	0.101666666667
2	180	14.587870527159	0.101666666667
2	190	14.589537193826	0.103333333334
2	241	19.308219622156	0.101666666667
2	253	19.396839362303	0.101666666667
2	262	19.409886288823	0.101666666667
2	279	19.60020602897	0.101666666667
2	289	19.601872695637	0.103333333334
2	329	25.674451235516	0.101666666667
2	343	25.776117902183	0.101666666667
2	351	28.42791288356	0.101666666667
2	390	29.276613563266	0.101666666667
2	430	29.479991341044	0.101666666667
2	434	29.481658007711	0.103333333334
2	467	29.686613563266	0.101666666667

