version 2
run General-4-20190517-16:55:11-17476
attr configname General
attr datetime 20190517-16:55:11
attr experiment General
attr inifile omnetpp.ini
attr iterationvars ""
attr iterationvarsf ""
attr measurement ""
attr network networks.Net5
attr processid 17476
attr repetition 4
attr replication #4
attr resultdir results
attr runnumber 4
attr seedset 4
param **.appType "\"App\""
param **.app.packetLength "4096 bytes"
param **.app.totalNodes 5
param **.destAddresses "\"0\""
param **.sendIaTime "uniform(5s, 10s)"
param **.sendIaTimeEvil "uniform(1ms, 10ms)"

vector 0 Net5.rte[1].app endToEndDelay:vector ETV
attr interpolationmode none
attr title "end-to-end delay of arrived packets, vector"
attr unit s
vector 1 Net5.rte[4].app endToEndDelay:vector ETV
attr interpolationmode none
attr title "end-to-end delay of arrived packets, vector"
attr unit s
vector 2 Net5.rte[2].app endToEndDelay:vector ETV
attr interpolationmode none
attr title "end-to-end delay of arrived packets, vector"
attr unit s
vector 3 Net5.rte[0].app endToEndDelay:vector ETV
attr interpolationmode none
attr title "end-to-end delay of arrived packets, vector"
attr unit s
vector 4 Net5.rte[3].app endToEndDelay:vector ETV
attr interpolationmode none
attr title "end-to-end delay of arrived packets, vector"
attr unit s
0	7	5.906793910214	0.087582691009
0	19	6.054832621115	0.087582691009
0	69	6.246969217985	0.131680576978
0	94	7.071985385089	0.131921248542
0	117	7.336489063104	0.131921248542
0	133	7.371706998109	0.167139183547
0	199	8.519500172832	0.131921248542
0	220	8.563469257214	0.042169586871
0	322	10.313896225984	0.267977341664
0	336	10.414159535665	0.131921248542
0	408	11.564250715348	0.083706210346
0	447	11.714850688743	0.131680576978
0	475	12.292785653087	0.131921248542
0	498	12.557289331102	0.131921248542
0	514	12.592507266107	0.167139183547
0	602	13.971933600076	0.267977341664
0	617	14.019168730869	0.042169586871
0	687	17.234783008862	0.185857157497
0	721	17.366474361551	0.131680576978
0	807	19.245426147231	0.267977341664
0	821	19.345689456912	0.131921248542
0	849	19.745759564181	0.10373697333
0	861	19.964891941642	0.10373697333
0	918	20.248045670296	0.042169586871
0	924	20.26614450327	0.185857157497
0	953	20.459521169423	0.042169586871
0	967	20.501057792898	0.083706210346
0	1041	22.832264471934	0.131921248542
0	1062	22.876233556316	0.042169586871
0	1135	24.874327129619	0.185857157497
0	1169	25.006018482308	0.131680576978
0	1235	25.474285846286	0.131680576978
0	1254	25.595006988689	0.185857157497
0	1304	26.281187045239	0.042169586871
0	1343	26.487537953461	0.131921248542
0	1373	28.022512557624	0.131921248542
0	1396	28.287016235639	0.131921248542
0	1412	28.322234170644	0.167139183547
0	1478	30.951845052321	0.131921248542
0	1499	30.995814136703	0.042169586871
0	1584	32.954606782916	0.083706210346
0	1627	33.105206756311	0.131680576978
0	1700	33.8325624238	0.167139183547
0	1704	33.863279627836	0.087582691009
0	1754	34.011318338737	0.087582691009
0	1782	34.098597050423	0.185857157497
0	1788	34.099514110675	0.175778462947
0	1854	35.92822031918	0.042169586871
0	1893	36.134571227402	0.131921248542
1	13	5.967249930106	0.060456019892
1	34	6.115288641007	0.060456019892
1	48	6.150438954622	0.095606333507
1	137	7.396945082996	0.060456019892
1	156	7.502598888011	0.298031073449
1	240	8.650392062734	0.262813138444
1	248	8.706998524056	0.185698853713
1	306	10.231786817528	0.185867933208
1	351	10.545051425567	0.262813138444
1	378	11.223655901737	0.102625606763
1	411	11.583170111765	0.102625606763
1	444	11.70777998219	0.227235477188
1	518	12.617745350994	0.060456019892
1	537	12.723399156009	0.298031073449
1	597	13.88982419162	0.185867933208
1	642	14.162697997711	0.185698853713
1	661	16.982381289481	0.185867933208
1	690	17.234793784573	0.185867933208
1	718	17.342721219016	0.293795367651
1	791	19.163316738775	0.185867933208
1	836	19.476581346814	0.262813138444
1	876	20.025347961534	0.060456019892
1	927	20.266155278981	0.185867933208
1	974	20.519977189315	0.060456019892
1	1001	20.64458705974	0.227235477188
1	1082	22.963156361836	0.262813138444
1	1090	23.019762823158	0.185698853713
1	1106	24.621925410238	0.185867933208
1	1138	24.87433790533	0.185867933208
1	1166	24.982265339773	0.293795367651
1	1179	25.090192774216	0.269379242229
1	1201	25.342605269308	0.185867933208
1	1257	25.5950177644	0.185867933208
1	1335	26.424716312081	0.185698853713
1	1357	26.618429843363	0.262813138444
1	1416	28.347472255531	0.060456019892
1	1435	28.453126060546	0.298031073449
1	1519	31.082736942223	0.262813138444
1	1527	31.139343403545	0.185698853713
1	1551	32.614011969305	0.102625606763
1	1587	32.973526179333	0.102625606763
1	1624	33.098136049758	0.227235477188
1	1687	33.775696936827	0.060456019892
1	1728	33.923735647728	0.060456019892
1	1742	33.963454313702	0.298031073449
1	1776	34.071774358629	0.060456019892
1	1785	34.098607826134	0.185867933208
1	1885	36.071749586022	0.185698853713
1	1907	36.265463117304	0.262813138444
2	53	6.170228025246	0.115395404131
2	56	6.181833202891	0.066544561884
2	148	7.451884467235	0.115395404131
2	162	7.522320337245	0.317752522683
2	244	8.670113511968	0.282534587678
2	251	8.72040128482	0.199101614477
2	262	9.562282828844	0.247316652673
2	283	10.04591888432	0.247316652673
2	354	10.564772874801	0.282534587678
2	435	11.649714673649	0.066544561884
2	451	11.721182742954	0.240638237952
2	529	12.672684735233	0.115395404131
2	543	12.743120605243	0.317752522683
2	554	13.273348381824	0.157564991002
2	574	13.703956258412	0.157564991002
2	645	14.176100758475	0.199101614477
2	655	16.796513356273	0.066544561884
2	667	17.048925851365	0.066544561884
2	708	17.301338346457	0.066544561884
2	748	18.493812750091	0.247316652673
2	768	18.977448805567	0.247316652673
2	839	19.496302796048	0.282534587678
2	855	19.861154968312	0.115395404131
2	885	20.080287345773	0.115395404131
2	900	20.125906844759	0.161014903117
2	986	20.574916573554	0.115395404131
2	1004	20.657989820504	0.240638237952
2	1086	22.98287781107	0.282534587678
2	1093	23.033165583922	0.199101614477
2	1100	24.43605747703	0.066544561884
2	1112	24.688469972122	0.066544561884
2	1156	24.940882467214	0.066544561884
2	1192	25.1567373361	0.066544561884
2	1216	25.409149831192	0.066544561884
2	1232	25.455917862753	0.113312593445
2	1339	26.438119072845	0.199101614477
2	1360	26.638151292597	0.282534587678
2	1427	28.40241163977	0.115395404131
2	1441	28.47284750978	0.317752522683
2	1523	31.102458391457	0.282534587678
2	1530	31.152746164309	0.199101614477
2	1612	33.040070741217	0.066544561884
2	1631	33.111538810522	0.240638237952
2	1656	33.42910383745	0.247316652673
2	1716	33.912739892926	0.247316652673
2	1747	33.983175762936	0.317752522683
2	1750	33.990280209612	0.066544561884
2	1792	34.126713742868	0.115395404131
2	1889	36.085152346786	0.199101614477
2	1910	36.285184566538	0.282534587678
3	59	6.187415050588	0.132582429473
3	77	6.335453761489	0.220165120482
3	88	6.940064136547	0.132582429473
3	100	7.204567814562	0.132582429473
3	152	7.469071492577	0.132582429473
3	169	8.137258931686	0.116599246551
3	181	8.38757892429	0.116599246551
3	233	8.637898916894	0.116599246551
3	272	9.798602231647	0.236319402803
3	309	10.282238287123	0.236319402803
3	328	10.36435847129	0.31843958697
3	422	11.597143751553	0.116599246551
3	458	11.803335232247	0.220165120482
3	469	12.160864404545	0.132582429473
3	481	12.42536808256	0.132582429473
3	533	12.689871760575	0.132582429473
3	621	14.022395845382	0.31843958697
3	632	14.093598390549	0.116599246551
3	704	17.285245254168	0.236319402803
3	730	17.454958905055	0.220165120482
3	758	18.730132152894	0.236319402803
3	794	19.21376820837	0.236319402803
3	813	19.295888392537	0.31843958697
3	896	20.097474371115	0.132582429473
3	930	20.316606748576	0.236319402803
3	978	20.533950829103	0.116599246551
3	994	20.592103598896	0.132582429473
3	1011	22.450023230788	0.116599246551
3	1023	22.700343223392	0.116599246551
3	1075	22.950663215996	0.116599246551
3	1152	24.924789374925	0.236319402803
3	1184	25.094503025812	0.220165120482
3	1248	25.56277038979	0.220165120482
3	1260	25.645469233995	0.236319402803
3	1284	26.105296712315	0.116599246551
3	1313	26.355616704919	0.116599246551
3	1332	26.400731500181	0.161714041813
3	1367	27.890591309082	0.132582429473
3	1379	28.155094987097	0.132582429473
3	1431	28.419598665112	0.132582429473
3	1448	30.569603811175	0.116599246551
3	1460	30.819923803779	0.116599246551
3	1512	31.070243796383	0.116599246551
3	1598	32.987499819121	0.116599246551
3	1638	33.181787184777	0.236319402803
3	1646	33.259641861248	0.286115681915
3	1666	33.665423240253	0.236319402803
3	1798	34.14390076821	0.132582429473
3	1810	34.221755444681	0.309015551755
3	1815	34.299610121152	0.375874473424
3	1834	35.752329986256	0.116599246551
3	1863	36.00264997886	0.116599246551
3	1882	36.047764774122	0.161714041813
4	66	6.224138533371	0.169305912256
4	81	6.46037301621	0.345084375203
4	128	7.338288560615	0.133720746053
4	159	7.50579497536	0.169305912256
4	175	8.270979677739	0.133720746053
4	202	8.521299670343	0.133720746053
4	216	8.557751707857	0.170172783567
4	339	10.415959033176	0.133720746053
4	357	10.565322322407	0.519403438087
4	368	11.121030294974	0.256888603265
4	388	11.480544505002	0.256888603265
4	462	11.928254486968	0.345084375203
4	509	12.559088828613	0.133720746053
4	540	12.726595243358	0.169305912256
4	564	13.54639126741	0.273042885586
4	605	13.976999143998	0.273042885586
4	648	14.223359696499	0.519403438087
4	734	17.486209105285	0.43728325392
4	737	17.579878159776	0.345084375203
4	824	19.347488954423	0.133720746053
4	842	19.496852243654	0.519403438087
4	903	20.134197853898	0.169305912256
4	911	20.205876083425	0.173880473091
4	938	20.417351582552	0.169305912256
4	971	20.517570599693	0.43728325392
4	998	20.628827081679	0.169305912256
4	1017	22.583743976841	0.133720746053
4	1044	22.834063969445	0.133720746053
4	1058	22.870516006959	0.170172783567
4	1188	25.125753226042	0.43728325392
4	1197	25.219422280533	0.345084375203
4	1267	25.687689644511	0.345084375203
4	1271	25.846433085112	0.43728325392
4	1278	25.988697465764	0.133720746053
4	1290	26.239017458368	0.133720746053
4	1346	26.489337450972	0.133720746053
4	1407	28.28881573315	0.133720746053
4	1438	28.456322147895	0.169305912256
4	1454	30.703324557228	0.133720746053
4	1481	30.953644549832	0.133720746053
4	1495	30.990096587346	0.170172783567
4	1541	32.511386362542	0.256888603265
4	1561	32.87090057257	0.256888603265
4	1652	33.318610554536	0.345084375203
4	1695	33.799143986306	0.133720746053
4	1803	34.180624250993	0.169305912256
4	1818	34.3129179089	0.389182261172
4	1821	34.384596138427	0.471856245501
4	1828	35.635730739705	0.133720746053
4	1840	35.886050732309	0.133720746053
4	1896	36.136370724913	0.133720746053
0	1947	40.543760247663	0.131921248542
0	1968	40.587729332045	0.042169586871
0	2029	41.723973482581	0.087582691009
0	2063	42.105547270077	0.083706210346
0	2102	42.256147243472	0.131680576978
0	2124	42.572542705536	0.10373697333
0	2136	42.791675082997	0.10373697333
0	2184	43.092927644625	0.185857157497
0	2256	44.949913838581	0.175778462947
0	2283	45.126221744658	0.131921248542
0	2340	45.943656447478	0.131921248542
0	2361	45.98762553186	0.042169586871
0	2448	47.681275326296	0.167139183547
0	2485	47.838193988161	0.131680576978
0	2550	48.54066887234	0.131680576978
0	2569	48.661390014743	0.185857157497
0	2656	50.493484807652	0.267977341664
0	2670	50.593748117333	0.131921248542
0	2704	51.197229949026	0.087582691009
0	2728	51.345268659927	0.087582691009
0	2751	51.433464431865	0.175778462947
0	2779	53.559799754642	0.042169586871
0	2824	55.806358923837	0.185857157497
0	2858	55.938050276526	0.131680576978
0	2924	58.404907840828	0.083706210346
0	2959	58.56024173627	0.131921248542
0	2974	58.664623778981	0.185857157497
0	3051	60.554538707763	0.267977341664
0	3066	60.601773838556	0.042169586871
0	3137	60.830833383803	0.087582691009
0	3187	60.978872094704	0.087582691009
0	3199	61.067067866642	0.175778462947
0	3217	61.245774371757	0.131921248542
1	1988	40.674652137565	0.262813138444
1	1996	40.731258598887	0.185698853713
1	2014	41.636390791572	0.060456019892
1	2033	41.764952456466	0.102625606763
1	2066	42.124466666494	0.102625606763
1	2099	42.249076536919	0.227235477188
1	2151	42.852131102889	0.060456019892
1	2187	43.092938420336	0.185867933208
1	2209	44.361592986718	0.192377268434
1	2229	44.774135375634	0.192377268434
1	2300	45.25711363456	0.262813138444
1	2381	46.07454833738	0.262813138444
1	2389	46.131154798702	0.185698853713
1	2413	47.293971022267	0.192377268434
1	2451	47.706513411183	0.192377268434
1	2479	47.812167216198	0.298031073449
1	2504	48.15657580027	0.185867933208
1	2516	48.408988295362	0.185867933208
1	2572	48.661400790454	0.185867933208
1	2640	50.411375399196	0.185867933208
1	2685	50.724640007235	0.262813138444
1	2698	51.109647258017	0.060456019892
1	2710	51.257685968918	0.060456019892
1	2746	51.405724679819	0.060456019892
1	2798	55.553957204456	0.185867933208
1	2827	55.806369699548	0.185867933208
1	2855	55.914297133991	0.293795367651
1	2956	58.54843710767	0.227235477188
1	2977	58.664634554692	0.185867933208
1	3046	60.472429299307	0.185867933208
1	3104	60.743250692794	0.060456019892
1	3118	60.778401006409	0.218796754724
1	3152	60.891289403695	0.060456019892
2	1992	40.694373586799	0.282534587678
2	1999	40.744661359651	0.199101614477
2	2090	42.191011228378	0.066544561884
2	2106	42.262479297683	0.240638237952
2	2130	42.687938109667	0.115395404131
2	2157	42.907070487128	0.115395404131
2	2171	42.952689986114	0.161014903117
2	2244	44.840679937518	0.066544561884
2	2303	45.276835083794	0.282534587678
2	2385	46.094269786614	0.282534587678
2	2392	46.144557559466	0.199101614477
2	2471	47.773057973067	0.066544561884
2	2482	47.831888665432	0.317752522683
2	2510	48.223120362154	0.066544561884
2	2531	48.475532857246	0.066544561884
2	2547	48.522300888807	0.113312593445
2	2597	49.741871410512	0.247316652673
2	2617	50.225507465988	0.247316652673
2	2688	50.744361456469	0.282534587678
2	2725	51.324230530802	0.066544561884
2	2755	51.460664064058	0.115395404131
2	2792	55.368089271248	0.066544561884
2	2804	55.62050176634	0.066544561884
2	2845	55.872914261432	0.066544561884
2	2895	58.048158744896	0.157564991002
2	2939	58.478766621484	0.157564991002
2	2965	58.561839868434	0.240638237952
2	3003	59.855953489511	0.157564991002
2	3023	60.286561366099	0.157564991002
2	3112	60.758705866162	0.199101614477
2	3181	60.957833965579	0.066544561884
3	1917	40.161519006517	0.116599246551
3	1929	40.411838999121	0.116599246551
3	1981	40.662158991725	0.116599246551
3	2077	42.138440306282	0.116599246551
3	2113	42.344631786976	0.220165120482
3	2168	42.92425751247	0.132582429473
3	2190	43.143389889931	0.236319402803
3	2219	44.5817581072	0.220165120482
3	2263	44.994300496116	0.220165120482
3	2279	45.072155172587	0.298019796953
3	2310	45.561415206332	0.116599246551
3	2322	45.811735198936	0.116599246551
3	2374	46.06205519154	0.116599246551
3	2403	47.101593753833	0.220165120482
3	2423	47.514136142749	0.220165120482
3	2493	47.926678531665	0.220165120482
3	2563	48.629153415844	0.220165120482
3	2575	48.711852260049	0.236319402803
3	2607	49.978190813315	0.236319402803
3	2643	50.461826868791	0.236319402803
3	2662	50.543947052958	0.31843958697
3	2761	51.4778510894	0.132582429473
3	2769	51.555705765871	0.298019796953
3	2841	55.856821169143	0.236319402803
3	2867	56.02653482003	0.220165120482
3	2931	58.437800877033	0.116599246551
3	2980	58.692824165743	0.132582429473
3	2988	58.770678842214	0.29191222073
3	3070	60.605000953069	0.31843958697
3	3081	60.676203498236	0.116599246551
3	3206	61.113853123215	0.132582429473
3	3214	61.191707799686	0.300418395991
3	3226	61.37835680123	0.132582429473
4	1923	40.29523975257	0.133720746053
4	1950	40.545559745174	0.133720746053
4	1964	40.582011782688	0.170172783567
4	2019	41.662326849703	0.256888603265
4	2043	42.021841059731	0.256888603265
4	2120	42.469551041697	0.345084375203
4	2174	42.960980995253	0.169305912256
4	2198	43.344353741048	0.43728325392
4	2286	45.128021242169	0.133720746053
4	2292	45.163317636806	0.389182261172
4	2316	45.695135952385	0.133720746053
4	2343	45.945455944989	0.133720746053
4	2357	45.981907982503	0.170172783567
4	2443	47.647856888802	0.133720746053
4	2500	48.051597786386	0.345084375203
4	2582	48.754072670565	0.345084375203
4	2586	48.912816111166	0.43728325392
4	2673	50.595547614844	0.133720746053
4	2691	50.744910904075	0.519403438087
4	2765	51.514574572183	0.169305912256
4	2772	51.64686823009	0.389182261172
4	2785	53.729105666898	0.169305912256
4	2871	56.05778502026	0.43728325392
4	2874	56.151454074751	0.345084375203
4	2885	57.890593753894	0.273042885586
4	2905	58.321201630482	0.273042885586
4	2992	58.916049875404	0.43728325392
4	3013	60.128996375097	0.273042885586
4	3054	60.559604251685	0.273042885586
4	3130	60.805964804186	0.519403438087
4	3222	61.280471664867	0.389182261172
4	3237	63.655735014239	0.273042885586

