version 2
run General-33-20190529-16:33:05-14564
attr configname General
attr datetime 20190529-16:33:05
attr experiment General
attr inifile omnetpp.ini
attr iterationvars ""
attr iterationvarsf ""
attr measurement ""
attr network networks.Net5
attr processid 14564
attr repetition 33
attr replication #33
attr resultdir results
attr runnumber 33
attr seedset 33
param **.appType "\"App\""
param **.app.packetLength "1500 bytes"
param **.app.totalNodes 3
param **.destAddresses "\"0\""
param **.sendIaTime "uniform(5s, 10s)"
param **.sendIaTimeEvil 10ms

vector 0 Net5.rte[2].app endToEndDelay:vector ETV
attr interpolationmode none
attr title "end-to-end delay of arrived packets, vector"
attr unit s
vector 1 Net5.rte[0].app endToEndDelay:vector ETV
attr interpolationmode none
attr title "end-to-end delay of arrived packets, vector"
attr unit s
vector 2 Net5.rte[1].app endToEndDelay:vector ETV
attr interpolationmode none
attr title "end-to-end delay of arrived packets, vector"
attr unit s
0	7	6.344217301446	0.101666666667
0	19	6.54755063478	0.101666666667
0	49	6.750883968114	0.101666666667
0	62	7.453210441595	0.101666666667
0	82	7.65655488604	0.101666666667
0	92	7.658221552707	0.103333333334
0	132	8.855090651328	0.101666666667
0	147	8.956757317995	0.101666666667
0	160	13.378410076689	0.101666666667
0	180	13.581765632245	0.101666666667
0	190	13.583432298912	0.103333333334
0	203	15.947673794215	0.101666666667
0	215	16.151029349771	0.101688888889
0	245	16.354362683105	0.101666666667
0	252	17.802389239293	0.101666666667
0	264	18.00575590596	0.1017
0	294	18.209089239294	0.101666666667
0	307	18.512268787449	0.101666666667
0	327	18.715657676338	0.101666666667
0	337	18.717324343005	0.103333333334
0	373	25.119014152658	0.101666666667
0	405	25.322391930436	0.101711111111
1	13	6.445883968113	0.101666666667
1	33	6.649217301447	0.101666666667
1	43	6.650883968114	0.103333333334
1	83	7.65655488604	0.101666666667
1	97	7.758221552707	0.101666666667
1	105	8.550079540216	0.101666666667
1	117	8.753423984661	0.101677777778
1	146	8.956757317995	0.101666666667
1	181	13.581765632245	0.101666666667
1	195	13.683432298912	0.101666666667
1	209	16.049340460882	0.101666666667
1	229	16.252696016438	0.101666666667
1	239	16.254362683105	0.103333333334
1	279	18.107422572627	0.101666666667
1	293	18.209089239294	0.101666666667
1	301	18.410602120782	0.101666666667
1	313	18.613991009671	0.101722222222
1	342	18.817324343005	0.101666666667
1	356	22.156708602993	0.101666666667
1	430	25.424058597103	0.101666666667
1	450	25.529014152658	0.101666666667
1	482	25.732391930436	0.101711111111
2	34	6.649217301447	0.101666666667
2	48	6.750883968114	0.101666666667
2	56	7.351543774928	0.101666666667
2	68	7.554888219373	0.101677777778
2	98	7.758221552707	0.101666666667
2	111	8.651746206883	0.101666666667
2	131	8.855090651328	0.101666666667
2	141	8.856757317995	0.103333333334
2	154	13.276743410022	0.101666666667
2	166	13.480098965578	0.101688888889
2	196	13.683432298912	0.101666666667
2	230	16.252696016438	0.101666666667
2	244	16.354362683105	0.101666666667
2	258	17.90405590596	0.101666666667
2	278	18.107422572627	0.101666666667
2	288	18.109089239294	0.103333333334
2	328	18.715657676338	0.101666666667
2	343	18.817324343005	0.101666666667
2	350	22.055041936326	0.101666666667
2	389	25.220680819325	0.101666666667
2	429	25.424058597103	0.101666666667
2	433	25.42572526377	0.103333333334
2	466	25.630680819325	0.101666666667

