version 2
run General-22-20190529-16:33:00-19564
attr configname General
attr datetime 20190529-16:33:00
attr experiment General
attr inifile omnetpp.ini
attr iterationvars ""
attr iterationvarsf ""
attr measurement ""
attr network networks.Net5
attr processid 19564
attr repetition 22
attr replication #22
attr resultdir results
attr runnumber 22
attr seedset 22
param **.appType "\"App\""
param **.app.packetLength "1500 bytes"
param **.app.totalNodes 3
param **.destAddresses "\"0\""
param **.sendIaTime "uniform(5s, 10s)"
param **.sendIaTimeEvil 10ms

vector 0 Net5.rte[2].app endToEndDelay:vector ETV
attr interpolationmode none
attr title "end-to-end delay of arrived packets, vector"
attr unit s
vector 1 Net5.rte[0].app endToEndDelay:vector ETV
attr interpolationmode none
attr title "end-to-end delay of arrived packets, vector"
attr unit s
vector 2 Net5.rte[1].app endToEndDelay:vector ETV
attr interpolationmode none
attr title "end-to-end delay of arrived packets, vector"
attr unit s
0	7	6.143969351758	0.101666666667
0	19	6.347302685092	0.101666666667
0	49	6.550636018426	0.101666666667
0	62	7.611738628907	0.101666666667
0	82	7.815083073352	0.101666666667
0	92	7.816749740019	0.103333333334
0	105	8.611481559563	0.101666666667
0	117	8.814814892897	0.101666666667
0	147	9.018148226231	0.101666666667
0	160	14.306058434736	0.101666666667
0	180	14.509425101403	0.101666666667
0	190	14.51109176807	0.103333333334
0	230	15.744901563141	0.101666666667
0	245	15.846568229808	0.101666666667
0	279	17.371721661019	0.101666666667
0	294	17.473388327686	0.101666666667
0	307	19.358692808742	0.101666666667
0	327	19.56207058652	0.101666666667
0	337	19.563737253187	0.103333333334
0	374	25.792189781422	0.101666666667
0	406	25.9955675592	0.101711111111
1	13	6.245636018425	0.101666666667
1	33	6.448969351759	0.101666666667
1	43	6.450636018426	0.103333333334
1	56	7.51007196224	0.101666666667
1	68	7.713416406685	0.101677777778
1	97	7.916749740019	0.101666666667
1	132	8.916481559564	0.101666666667
1	146	9.018148226231	0.101666666667
1	181	14.509425101403	0.101666666667
1	195	14.61109176807	0.101666666667
1	209	15.541546007585	0.101666666667
1	229	15.744901563141	0.101666666667
1	239	15.746568229808	0.103333333334
1	252	17.066688327685	0.101666666667
1	264	17.270054994352	0.1017
1	293	17.473388327686	0.101666666667
1	301	19.257026142075	0.101666666667
1	313	19.460403919853	0.101711111111
1	342	19.663737253187	0.101666666667
1	356	21.098091114978	0.101666666667
1	431	26.097234225867	0.101666666667
1	451	26.202189781422	0.101666666667
1	483	26.4055675592	0.101711111111
2	34	6.448969351759	0.101666666667
2	48	6.550636018426	0.101666666667
2	83	7.815083073352	0.101666666667
2	98	7.916749740019	0.101666666667
2	111	8.71314822623	0.101666666667
2	131	8.916481559564	0.101666666667
2	141	8.918148226231	0.103333333334
2	154	14.204391768069	0.101666666667
2	166	14.407758434736	0.1017
2	196	14.61109176807	0.101666666667
2	203	15.439879340918	0.101666666667
2	215	15.643234896474	0.101688888889
2	244	15.846568229808	0.101666666667
2	258	17.168354994352	0.101666666667
2	278	17.371721661019	0.101666666667
2	288	17.373388327686	0.103333333334
2	328	19.56207058652	0.101666666667
2	343	19.663737253187	0.101666666667
2	350	20.996424448311	0.101666666667
2	390	25.893856448089	0.101666666667
2	430	26.097234225867	0.101666666667
2	434	26.098900892534	0.103333333334
2	467	26.303856448089	0.101666666667

