version 2
run General-13-20190529-16:32:57-19100
attr configname General
attr datetime 20190529-16:32:57
attr experiment General
attr inifile omnetpp.ini
attr iterationvars ""
attr iterationvarsf ""
attr measurement ""
attr network networks.Net5
attr processid 19100
attr repetition 13
attr replication #13
attr resultdir results
attr runnumber 13
attr seedset 13
param **.appType "\"App\""
param **.app.packetLength "1500 bytes"
param **.app.totalNodes 3
param **.destAddresses "\"0\""
param **.sendIaTime "uniform(5s, 10s)"
param **.sendIaTimeEvil 10ms

vector 0 Net5.rte[0].app endToEndDelay:vector ETV
attr interpolationmode none
attr title "end-to-end delay of arrived packets, vector"
attr unit s
vector 1 Net5.rte[2].app endToEndDelay:vector ETV
attr interpolationmode none
attr title "end-to-end delay of arrived packets, vector"
attr unit s
vector 2 Net5.rte[1].app endToEndDelay:vector ETV
attr interpolationmode none
attr title "end-to-end delay of arrived packets, vector"
attr unit s
0	7	6.289372746467	0.101666666667
0	19	6.492706079801	0.101666666667
0	48	6.696039413135	0.101666666667
0	83	8.44337331916	0.101666666667
0	97	8.545039985827	0.101666666667
0	111	9.091845384533	0.101666666667
0	131	9.295189828978	0.101666666667
0	141	9.296856495645	0.103333333334
0	181	12.490173469831	0.101666666667
0	195	12.591840136498	0.101666666667
0	203	16.183585633623	0.101666666667
0	215	16.386941189179	0.101688888889
0	244	16.590274522513	0.101666666667
0	258	17.299912119484	0.101666666667
0	270	17.503278786151	0.101666666667
0	308	24.657873528045	0.101666666667
0	328	24.861251305823	0.101666666667
0	338	24.86291797249	0.103333333334
0	361	25.711324624351	0.101666666667
0	393	25.914702402129	0.101711111111
0	441	26.118207035687	0.101666666667
0	486	26.321595924576	0.101722222222
0	547	26.52492925791	0.101666666667
1	13	6.391039413134	0.101666666667
1	33	6.594372746468	0.101666666667
1	43	6.596039413135	0.103333333334
1	56	8.138373319159	0.101666666667
1	68	8.341706652493	0.101666666667
1	98	8.545039985827	0.101666666667
1	105	8.990178717866	0.101666666667
1	117	9.193523162311	0.101677777778
1	147	9.396856495645	0.101666666667
1	160	12.286806803164	0.101666666667
1	180	12.490173469831	0.101666666667
1	190	12.491840136498	0.103333333334
1	230	16.488607855846	0.101666666667
1	245	16.590274522513	0.101666666667
1	282	17.604945452818	0.101666666667
1	295	18.98854274346	0.101666666667
1	302	24.556206861378	0.101666666667
1	314	24.759584639156	0.101711111111
1	344	24.96291797249	0.101666666667
1	418	26.016369068796	0.101666666667
1	448	26.121324624351	0.101666666667
1	464	26.219873702354	0.101666666667
1	499	26.331324624351	0.101666666667
1	516	26.423262591243	0.101666666667
1	526	26.42492925791	0.103333333334
1	553	26.541324624351	0.101666666667
1	585	26.744702402129	0.101711111111
2	34	6.594372746468	0.101666666667
2	49	6.696039413135	0.101666666667
2	62	8.240039985826	0.101666666667
2	82	8.44337331916	0.101666666667
2	92	8.445039985827	0.103333333334
2	132	9.295189828978	0.101666666667
2	146	9.396856495645	0.101666666667
2	154	12.185140136497	0.101666666667
2	166	12.388506803164	0.1017
2	196	12.591840136498	0.101666666667
2	209	16.28525230029	0.101666666667
2	229	16.488607855846	0.101666666667
2	239	16.490274522513	0.103333333334
2	252	17.198245452817	0.101666666667
2	264	17.401612119484	0.1017
2	281	17.604945452818	0.101666666667
2	289	18.886876076793	0.101666666667
2	329	24.861251305823	0.101666666667
2	343	24.96291797249	0.101666666667
2	377	25.812991291018	0.101666666667
2	417	26.016369068796	0.101666666667
2	424	26.018035735463	0.103333333334
2	470	26.222991291018	0.101666666667
2	517	26.423262591243	0.101666666667
2	530	26.432991291018	0.101666666667
2	548	26.52492925791	0.101666666667
2	569	26.642991291018	0.101666666667

