version 2
run General-46-20190529-16:33:10-5728
attr configname General
attr datetime 20190529-16:33:10
attr experiment General
attr inifile omnetpp.ini
attr iterationvars ""
attr iterationvarsf ""
attr measurement ""
attr network networks.Net5
attr processid 5728
attr repetition 46
attr replication #46
attr resultdir results
attr runnumber 46
attr seedset 46
param **.appType "\"App\""
param **.app.packetLength "1500 bytes"
param **.app.totalNodes 3
param **.destAddresses "\"0\""
param **.sendIaTime "uniform(5s, 10s)"
param **.sendIaTimeEvil 10ms

vector 0 Net5.rte[2].app endToEndDelay:vector ETV
attr interpolationmode none
attr title "end-to-end delay of arrived packets, vector"
attr unit s
vector 1 Net5.rte[1].app endToEndDelay:vector ETV
attr interpolationmode none
attr title "end-to-end delay of arrived packets, vector"
attr unit s
vector 2 Net5.rte[0].app endToEndDelay:vector ETV
attr interpolationmode none
attr title "end-to-end delay of arrived packets, vector"
attr unit s
0	7	6.391900776287	0.101666666667
0	19	6.595234109621	0.101666666667
0	49	6.798567442955	0.101666666667
0	62	8.377501847422	0.101666666667
0	82	8.580846291867	0.101666666667
0	92	8.582512958534	0.103333333334
0	105	9.020828444843	0.101666666667
0	117	9.224161778177	0.101666666667
0	147	9.427495111511	0.101666666667
0	154	15.978600254382	0.101666666667
0	170	16.181955809938	0.101688888889
0	182	16.225164456625	0.101666666667
0	212	16.385289143272	0.101666666667
0	215	16.42850890107	0.101677777778
0	245	16.631842234404	0.101666666667
0	258	18.325933468728	0.101666666667
0	278	18.529322357617	0.101666666667
0	288	18.530989024284	0.103333333334
0	328	22.430875890257	0.101666666667
0	343	22.532542556924	0.101666666667
0	369	24.94426259465	0.101666666667
0	389	25.14766259465	0.101666666667
0	399	25.149329261317	0.103333333334
0	479	28.182681282318	0.101666666667
0	499	28.287636837873	0.101666666667
0	531	28.491014615651	0.101711111111
1	13	6.493567442954	0.101666666667
1	33	6.696900776288	0.101666666667
1	43	6.698567442955	0.103333333334
1	56	8.275835180755	0.101666666667
1	68	8.4791796252	0.101677777778
1	98	8.682512958534	0.101666666667
1	132	9.325828444844	0.101666666667
1	146	9.427495111511	0.101666666667
1	160	16.080266921049	0.101666666667
1	190	16.283622476605	0.101666666667
1	200	16.285289143272	0.103333333334
1	230	16.530175567737	0.101666666667
1	244	16.631842234404	0.101666666667
1	279	18.529322357617	0.101666666667
1	294	18.630989024284	0.101666666667
1	307	22.22750922359	0.101666666667
1	327	22.430875890257	0.101666666667
1	337	22.432542556924	0.103333333334
1	350	22.675620374136	0.101666666667
1	390	25.14766259465	0.101666666667
1	405	25.249329261317	0.101666666667
1	438	27.97930350454	0.101666666667
1	478	28.182681282318	0.101666666667
1	482	28.184347948985	0.103333333334
1	515	28.38930350454	0.101666666667
2	34	6.696900776288	0.101666666667
2	48	6.798567442955	0.101666666667
2	83	8.580846291867	0.101666666667
2	97	8.682512958534	0.101666666667
2	111	9.12249511151	0.101666666667
2	131	9.325828444844	0.101666666667
2	141	9.327495111511	0.103333333334
2	191	16.283622476605	0.101666666667
2	203	16.326831123292	0.101666666667
2	211	16.385289143272	0.101666666667
2	229	16.530175567737	0.101666666667
2	239	16.531842234404	0.103333333334
2	252	18.224266802061	0.101666666667
2	264	18.42765569095	0.101722222222
2	293	18.630989024284	0.101666666667
2	301	22.125842556923	0.101666666667
2	313	22.32920922359	0.1017
2	342	22.532542556924	0.101666666667
2	356	22.777287040803	0.101666666667
2	363	24.842595927983	0.101666666667
2	375	25.045995927983	0.101733333333
2	404	25.249329261317	0.101666666667
2	422	27.877636837873	0.101666666667
2	454	28.081014615651	0.101711111111

