version 2
run General-30-20190529-16:33:04-15520
attr configname General
attr datetime 20190529-16:33:04
attr experiment General
attr inifile omnetpp.ini
attr iterationvars ""
attr iterationvarsf ""
attr measurement ""
attr network networks.Net5
attr processid 15520
attr repetition 30
attr replication #30
attr resultdir results
attr runnumber 30
attr seedset 30
param **.appType "\"App\""
param **.app.packetLength "1500 bytes"
param **.app.totalNodes 3
param **.destAddresses "\"0\""
param **.sendIaTime "uniform(5s, 10s)"
param **.sendIaTimeEvil 10ms

vector 0 Net5.rte[0].app endToEndDelay:vector ETV
attr interpolationmode none
attr title "end-to-end delay of arrived packets, vector"
attr unit s
vector 1 Net5.rte[2].app endToEndDelay:vector ETV
attr interpolationmode none
attr title "end-to-end delay of arrived packets, vector"
attr unit s
vector 2 Net5.rte[1].app endToEndDelay:vector ETV
attr interpolationmode none
attr title "end-to-end delay of arrived packets, vector"
attr unit s
0	7	7.005409121846	0.101666666667
0	19	7.20874245518	0.101666666667
0	48	7.412075788514	0.101666666667
0	62	8.424050985336	0.101666666667
0	82	8.627395429781	0.101666666667
0	92	8.629062096448	0.103333333334
0	132	9.991567679814	0.101666666667
0	146	10.093234346481	0.101666666667
0	181	13.128684977402	0.101666666667
0	195	13.230351644069	0.101666666667
0	209	16.956122987171	0.101666666667
0	229	17.159478542727	0.101666666667
0	239	17.161145209394	0.103333333334
0	252	17.941656912078	0.101666666667
0	264	18.145034689856	0.101711111111
0	293	18.34836802319	0.101666666667
0	301	19.645311499114	0.101666666667
0	313	19.848678165781	0.1017
0	342	20.052011499115	0.101666666667
0	356	24.676804437035	0.101666666667
0	368	24.880193325924	0.101666666667
0	387	27.813181901217	0.101666666667
0	399	28.016570790106	0.101722222222
0	428	28.21990412344	0.101666666667
0	446	29.314562202996	0.101666666667
0	478	29.517951091885	0.101722222222
1	13	7.107075788513	0.101666666667
1	33	7.310409121847	0.101666666667
1	43	7.312075788514	0.103333333334
1	83	8.627395429781	0.101666666667
1	98	8.729062096448	0.101666666667
1	105	9.686556568702	0.101666666667
1	117	9.889901013147	0.101677777778
1	147	10.093234346481	0.101666666667
1	160	12.925329421846	0.101666666667
1	180	13.128684977402	0.101666666667
1	190	13.130351644069	0.103333333334
1	203	16.854456320504	0.101666666667
1	215	17.05781187606	0.101688888889
1	245	17.261145209394	0.101666666667
1	258	18.043323578745	0.101666666667
1	278	18.246701356523	0.101666666667
1	288	18.24836802319	0.103333333334
1	328	19.950344832448	0.101666666667
1	343	20.052011499115	0.101666666667
1	380	24.981859992591	0.101666666667
1	393	27.914848567884	0.101666666667
1	413	28.118237456773	0.101666666667
1	423	28.11990412344	0.103333333334
1	503	29.619617758552	0.101666666667
1	523	29.724562202996	0.101666666667
1	555	29.927951091885	0.101722222222
2	34	7.310409121847	0.101666666667
2	49	7.412075788514	0.101666666667
2	56	8.322384318669	0.101666666667
2	68	8.525728763114	0.101677777778
2	97	8.729062096448	0.101666666667
2	111	9.788223235369	0.101666666667
2	131	9.991567679814	0.101666666667
2	141	9.993234346481	0.103333333334
2	154	12.823662755179	0.101666666667
2	166	13.027018310735	0.101688888889
2	196	13.230351644069	0.101666666667
2	230	17.159478542727	0.101666666667
2	244	17.261145209394	0.101666666667
2	279	18.246701356523	0.101666666667
2	294	18.34836802319	0.101666666667
2	307	19.746978165781	0.101666666667
2	327	19.950344832448	0.101666666667
2	337	19.952011499115	0.103333333334
2	350	24.575137770368	0.101666666667
2	362	24.778526659257	0.101722222222
2	379	24.981859992591	0.101666666667
2	414	28.118237456773	0.101666666667
2	429	28.21990412344	0.101666666667
2	462	29.416228869663	0.101666666667
2	502	29.619617758552	0.101666666667
2	506	29.621284425219	0.103333333334
2	539	29.826228869663	0.101666666667

