version 2
run General-21-20190529-16:33:00-232
attr configname General
attr datetime 20190529-16:33:00
attr experiment General
attr inifile omnetpp.ini
attr iterationvars ""
attr iterationvarsf ""
attr measurement ""
attr network networks.Net5
attr processid 232
attr repetition 21
attr replication #21
attr resultdir results
attr runnumber 21
attr seedset 21
param **.appType "\"App\""
param **.app.packetLength "1500 bytes"
param **.app.totalNodes 3
param **.destAddresses "\"0\""
param **.sendIaTime "uniform(5s, 10s)"
param **.sendIaTimeEvil 10ms

vector 0 Net5.rte[2].app endToEndDelay:vector ETV
attr interpolationmode none
attr title "end-to-end delay of arrived packets, vector"
attr unit s
vector 1 Net5.rte[0].app endToEndDelay:vector ETV
attr interpolationmode none
attr title "end-to-end delay of arrived packets, vector"
attr unit s
vector 2 Net5.rte[1].app endToEndDelay:vector ETV
attr interpolationmode none
attr title "end-to-end delay of arrived packets, vector"
attr unit s
0	7	5.345291051415	0.101666666667
0	19	5.548624384749	0.101666666667
0	49	5.751957718083	0.101666666667
0	62	6.648881634897	0.101666666667
0	82	6.852226079342	0.101666666667
0	92	6.853892746009	0.103333333334
0	105	9.098026017525	0.101666666667
0	117	9.301359350859	0.101666666667
0	147	9.504692684193	0.101666666667
0	154	10.599157365139	0.101666666667
0	166	10.802512920695	0.101688888889
0	196	11.005846254029	0.101666666667
0	209	14.96843311164	0.101666666667
0	229	15.171810889418	0.101666666667
0	239	15.173477556085	0.103333333334
0	280	19.761751056916	0.101666666667
0	295	19.863417723583	0.101666666667
0	308	22.448080876343	0.101666666667
0	328	22.651469765232	0.101666666667
0	338	22.653136431899	0.103333333334
0	351	25.563695606177	0.101666666667
0	363	25.767062272844	0.1017
0	393	25.970395606178	0.101666666667
0	400	29.30913222335	0.101666666667
0	412	29.512521112239	0.101722222222
0	442	29.715854445573	0.101666666667
0	455	29.945465743508	0.101666666667
0	529	32.91233170455	0.101666666667
0	549	33.017287260105	0.101666666667
0	581	33.220665037883	0.101711111111
1	13	5.446957718082	0.101666666667
1	33	5.650291051416	0.101666666667
1	43	5.651957718083	0.103333333334
1	56	6.54721496823	0.101666666667
1	68	6.750559412675	0.101677777778
1	97	6.953892746009	0.101666666667
1	132	9.403026017526	0.101666666667
1	146	9.504692684193	0.101666666667
1	160	10.700824031806	0.101666666667
1	180	10.904179587362	0.101666666667
1	190	10.905846254029	0.103333333334
1	203	14.866766444973	0.101666666667
1	215	15.070144222751	0.101711111111
1	244	15.273477556085	0.101666666667
1	259	19.558373279138	0.101666666667
1	279	19.761751056916	0.101666666667
1	289	19.763417723583	0.103333333334
1	329	22.651469765232	0.101666666667
1	343	22.753136431899	0.101666666667
1	378	25.868728939511	0.101666666667
1	392	25.970395606178	0.101666666667
1	406	29.410798890017	0.101666666667
1	426	29.614187778906	0.101666666667
1	436	29.615854445573	0.103333333334
1	472	32.607287260105	0.101666666667
1	504	32.810665037883	0.101711111111
2	34	5.650291051416	0.101666666667
2	48	5.751957718083	0.101666666667
2	83	6.852226079342	0.101666666667
2	98	6.953892746009	0.101666666667
2	111	9.199692684192	0.101666666667
2	131	9.403026017526	0.101666666667
2	141	9.404692684193	0.103333333334
2	181	10.904179587362	0.101666666667
2	195	11.005846254029	0.101666666667
2	230	15.171810889418	0.101666666667
2	245	15.273477556085	0.101666666667
2	253	19.456706612471	0.101666666667
2	265	19.660084390249	0.101711111111
2	294	19.863417723583	0.101666666667
2	302	22.346414209676	0.101666666667
2	314	22.549803098565	0.101722222222
2	344	22.753136431899	0.101666666667
2	357	25.665362272844	0.101666666667
2	377	25.868728939511	0.101666666667
2	387	25.870395606178	0.103333333334
2	427	29.614187778906	0.101666666667
2	441	29.715854445573	0.101666666667
2	449	29.843799076841	0.101666666667
2	488	32.708953926772	0.101666666667
2	528	32.91233170455	0.101666666667
2	532	32.913998371217	0.103333333334
2	565	33.118953926772	0.101666666667

