version 2
run General-19-20190529-16:32:59-17844
attr configname General
attr datetime 20190529-16:32:59
attr experiment General
attr inifile omnetpp.ini
attr iterationvars ""
attr iterationvarsf ""
attr measurement ""
attr network networks.Net5
attr processid 17844
attr repetition 19
attr replication #19
attr resultdir results
attr runnumber 19
attr seedset 19
param **.appType "\"App\""
param **.app.packetLength "1500 bytes"
param **.app.totalNodes 3
param **.destAddresses "\"0\""
param **.sendIaTime "uniform(5s, 10s)"
param **.sendIaTimeEvil 10ms

vector 0 Net5.rte[2].app endToEndDelay:vector ETV
attr interpolationmode none
attr title "end-to-end delay of arrived packets, vector"
attr unit s
vector 1 Net5.rte[0].app endToEndDelay:vector ETV
attr interpolationmode none
attr title "end-to-end delay of arrived packets, vector"
attr unit s
vector 2 Net5.rte[1].app endToEndDelay:vector ETV
attr interpolationmode none
attr title "end-to-end delay of arrived packets, vector"
attr unit s
0	7	5.589334693139	0.101666666667
0	19	5.792668026473	0.101666666667
0	49	5.996001359807	0.101666666667
0	83	7.559007802911	0.101666666667
0	98	7.660674469578	0.101666666667
0	111	9.00958192578	0.101666666667
0	131	9.212926370225	0.101666666667
0	141	9.214593036892	0.103333333334
0	154	12.246567520413	0.101666666667
0	170	12.449923075969	0.101688888889
0	209	12.653256409303	0.101666666667
0	222	18.042550917449	0.101666666667
0	242	18.245917584116	0.101666666667
0	252	18.247584250783	0.103333333334
0	293	20.480240111771	0.101666666667
0	308	20.581906778438	0.101666666667
0	321	24.212931269281	0.101666666667
0	341	24.416309047059	0.101666666667
0	351	24.417975713726	0.103333333334
0	374	26.491681255499	0.101666666667
0	406	26.695059033277	0.101711111111
1	13	5.691001359806	0.101666666667
1	33	5.89433469314	0.101666666667
1	43	5.896001359807	0.103333333334
1	56	7.25400780291	0.101666666667
1	68	7.457341136244	0.101666666667
1	97	7.660674469578	0.101666666667
1	132	9.212926370225	0.101666666667
1	146	9.314593036892	0.101666666667
1	160	12.34823418708	0.101666666667
1	182	12.455075156974	0.101666666667
1	190	12.551589742636	0.101666666667
1	200	12.553256409303	0.103333333334
1	243	18.245917584116	0.101666666667
1	257	18.347584250783	0.101666666667
1	265	20.175206778437	0.101666666667
1	278	20.378573445104	0.1017
1	307	20.581906778438	0.101666666667
1	315	24.111264602614	0.101666666667
1	327	24.314642380392	0.101711111111
1	356	24.517975713726	0.101666666667
1	431	26.796725699944	0.101666666667
1	451	26.901681255499	0.101666666667
1	483	27.105059033277	0.101711111111
2	34	5.89433469314	0.101666666667
2	48	5.996001359807	0.101666666667
2	62	7.355674469577	0.101666666667
2	82	7.559007802911	0.101666666667
2	92	7.560674469578	0.103333333334
2	105	8.907915259113	0.101666666667
2	117	9.111259703558	0.101677777778
2	147	9.314593036892	0.101666666667
2	191	12.551589742636	0.101666666667
2	203	12.556741823641	0.101666666667
2	208	12.653256409303	0.101666666667
2	216	17.940884250782	0.101666666667
2	228	18.144250917449	0.1017
2	258	18.347584250783	0.101666666667
2	271	20.276873445104	0.101666666667
2	292	20.480240111771	0.101666666667
2	302	20.481906778438	0.103333333334
2	342	24.416309047059	0.101666666667
2	357	24.517975713726	0.101666666667
2	390	26.593347922166	0.101666666667
2	430	26.796725699944	0.101666666667
2	434	26.798392366611	0.103333333334
2	467	27.003347922166	0.101666666667

