version 2
run General-16-20190529-16:32:58-6600
attr configname General
attr datetime 20190529-16:32:58
attr experiment General
attr inifile omnetpp.ini
attr iterationvars ""
attr iterationvarsf ""
attr measurement ""
attr network networks.Net5
attr processid 6600
attr repetition 16
attr replication #16
attr resultdir results
attr runnumber 16
attr seedset 16
param **.appType "\"App\""
param **.app.packetLength "1500 bytes"
param **.app.totalNodes 3
param **.destAddresses "\"0\""
param **.sendIaTime "uniform(5s, 10s)"
param **.sendIaTimeEvil 10ms

vector 0 Net5.rte[1].app endToEndDelay:vector ETV
attr interpolationmode none
attr title "end-to-end delay of arrived packets, vector"
attr unit s
vector 1 Net5.rte[0].app endToEndDelay:vector ETV
attr interpolationmode none
attr title "end-to-end delay of arrived packets, vector"
attr unit s
vector 2 Net5.rte[2].app endToEndDelay:vector ETV
attr interpolationmode none
attr title "end-to-end delay of arrived packets, vector"
attr unit s
0	7	6.218122060743	0.101666666667
0	19	6.421455394077	0.101666666667
0	48	6.624788727411	0.101666666667
0	62	6.836614126073	0.101666666667
0	82	7.039958570518	0.101666666667
0	92	7.041625237185	0.103333333334
0	132	8.022483400701	0.101666666667
0	147	8.124150067368	0.101666666667
0	176	12.952018839273	0.101666666667
0	194	13.066239324232	0.101666666667
0	208	13.167905990899	0.101666666667
0	243	16.291619705136	0.101666666667
0	258	16.393286371803	0.101666666667
0	265	18.112830309762	0.101666666667
0	277	18.316219198651	0.101722222222
0	306	18.519552531985	0.101666666667
0	320	21.379627038691	0.101666666667
0	340	21.582993705358	0.101666666667
0	350	21.584660372025	0.103333333334
0	390	24.111304475061	0.101666666667
0	405	24.212971141728	0.101666666667
0	439	24.669325719257	0.101666666667
0	453	24.770992385924	0.101666666667
0	488	29.555032449542	0.101666666667
0	503	29.656699116209	0.101666666667
0	536	29.934582494166	0.101666666667
0	576	30.137960271944	0.101666666667
0	580	30.139626938611	0.103333333334
0	613	30.344582494166	0.101666666667
1	13	6.31978872741	0.101666666667
1	33	6.523122060744	0.101666666667
1	43	6.524788727411	0.103333333334
1	56	6.734947459406	0.101666666667
1	68	6.938291903851	0.101677777778
1	97	7.141625237185	0.101666666667
1	105	7.7174834007	0.101666666667
1	117	7.920816734034	0.101666666667
1	146	8.124150067368	0.101666666667
1	164	12.850352172606	0.101666666667
1	170	12.862872657565	0.101666666667
1	193	13.066239324232	0.101666666667
1	203	13.067905990899	0.103333333334
1	216	15.986597482913	0.101666666667
1	228	16.189953038469	0.101688888889
1	257	16.393286371803	0.101666666667
1	271	18.214496976429	0.101666666667
1	291	18.417885865318	0.101666666667
1	301	18.419552531985	0.103333333334
1	314	21.277960372024	0.101666666667
1	326	21.481327038691	0.1017
1	355	21.684660372025	0.101666666667
1	363	23.806271141727	0.101666666667
1	375	24.009637808394	0.1017
1	404	24.212971141728	0.101666666667
1	418	24.465903497034	0.101666666667
1	438	24.669325719257	0.101666666667
1	448	24.670992385924	0.103333333334
1	461	29.249976893986	0.101666666667
1	473	29.453365782875	0.101722222222
1	502	29.656699116209	0.101666666667
1	520	29.832915827499	0.101666666667
1	552	30.036293605277	0.101711111111
2	34	6.523122060744	0.101666666667
2	49	6.624788727411	0.101666666667
2	83	7.039958570518	0.101666666667
2	98	7.141625237185	0.101666666667
2	111	7.819150067367	0.101666666667
2	131	8.022483400701	0.101666666667
2	141	8.024150067368	0.103333333334
2	158	12.761205990898	0.101666666667
2	179	12.964572657565	0.1017
2	209	13.167905990899	0.101666666667
2	222	16.08826414958	0.101666666667
2	242	16.291619705136	0.101666666667
2	252	16.293286371803	0.103333333334
2	292	18.417885865318	0.101666666667
2	307	18.519552531985	0.101666666667
2	341	21.582993705358	0.101666666667
2	356	21.684660372025	0.101666666667
2	369	23.907937808394	0.101666666667
2	389	24.111304475061	0.101666666667
2	399	24.112971141728	0.103333333334
2	412	24.364236830367	0.101666666667
2	424	24.56765905259	0.101755555556
2	454	24.770992385924	0.101666666667
2	467	29.351643560653	0.101666666667
2	487	29.555032449542	0.101666666667
2	497	29.556699116209	0.103333333334
2	577	30.137960271944	0.101666666667
2	597	30.242915827499	0.101666666667
2	629	30.446293605277	0.101711111111

