version 2
run General-9-20190529-16:32:55-20828
attr configname General
attr datetime 20190529-16:32:55
attr experiment General
attr inifile omnetpp.ini
attr iterationvars ""
attr iterationvarsf ""
attr measurement ""
attr network networks.Net5
attr processid 20828
attr repetition 9
attr replication #9
attr resultdir results
attr runnumber 9
attr seedset 9
param **.appType "\"App\""
param **.app.packetLength "1500 bytes"
param **.app.totalNodes 3
param **.destAddresses "\"0\""
param **.sendIaTime "uniform(5s, 10s)"
param **.sendIaTimeEvil 10ms

vector 0 Net5.rte[2].app endToEndDelay:vector ETV
attr interpolationmode none
attr title "end-to-end delay of arrived packets, vector"
attr unit s
vector 1 Net5.rte[0].app endToEndDelay:vector ETV
attr interpolationmode none
attr title "end-to-end delay of arrived packets, vector"
attr unit s
vector 2 Net5.rte[1].app endToEndDelay:vector ETV
attr interpolationmode none
attr title "end-to-end delay of arrived packets, vector"
attr unit s
0	7	5.153537457443	0.101666666667
0	19	5.356870790777	0.101666666667
0	49	5.560204124111	0.101666666667
0	56	6.923971797439	0.101666666667
0	68	7.127305130773	0.101666666667
0	98	7.330638464107	0.101666666667
0	111	7.712706310408	0.101666666667
0	131	7.916061865964	0.101666666667
0	141	7.917728532631	0.103333333334
0	181	10.496264068776	0.101666666667
0	196	10.597930735443	0.101666666667
0	209	13.133004579427	0.101666666667
0	229	13.336371246094	0.101666666667
0	239	13.338037912761	0.103333333334
0	252	16.025134712325	0.101666666667
0	268	16.228501378992	0.1017
0	280	16.310077842424	0.101666666667
0	310	16.431834712326	0.101666666667
0	313	16.513444509091	0.1017
0	343	16.716777842425	0.101666666667
0	356	20.002760483617	0.101666666667
0	376	20.206160483617	0.101666666667
0	386	20.207827150284	0.103333333334
0	663	24.520671671124	0.101666666667
0	695	24.724060560013	0.101722222222
0	746	24.927393893347	0.101666666667
0	1100	28.337255326765	0.101666666667
0	1140	28.540677548988	0.101666666667
0	1150	28.542344215655	0.103333333334
0	1617	32.69269454995	0.101666666667
0	1662	32.902259124341	0.101666666667
0	1682	33.007203568785	0.101666666667
0	1714	33.210592457674	0.101722222222
1	13	5.25520412411	0.101666666667
1	33	5.458537457444	0.101666666667
1	43	5.460204124111	0.103333333334
1	83	7.22897179744	0.101666666667
1	97	7.330638464107	0.101666666667
1	132	7.916061865964	0.101666666667
1	146	8.017728532631	0.101666666667
1	160	10.292919624331	0.101666666667
1	180	10.496264068776	0.101666666667
1	190	10.497930735443	0.103333333334
1	203	13.03133791276	0.101666666667
1	215	13.234704579427	0.1017
1	244	13.438037912761	0.101666666667
1	258	16.126801378992	0.101666666667
1	288	16.330168045659	0.101666666667
1	298	16.331834712326	0.103333333334
1	328	16.615111175758	0.101666666667
1	342	16.716777842425	0.101666666667
1	350	19.90109381695	0.101666666667
1	362	20.10449381695	0.101733333333
1	391	20.307827150284	0.101666666667
1	679	24.622338337791	0.101666666667
1	720	24.82572722668	0.101666666667
1	730	24.827393893347	0.103333333334
1	1084	28.235588660098	0.101666666667
1	1116	28.439010882321	0.101755555556
1	1165	28.642344215655	0.101666666667
1	1554	32.387616772172	0.101666666667
1	1589	32.591027883283	0.101666666667
1	1599	32.597203568785	0.101666666667
1	1637	32.800592457674	0.101722222222
2	34	5.458537457444	0.101666666667
2	48	5.560204124111	0.101666666667
2	62	7.025638464106	0.101666666667
2	82	7.22897179744	0.101666666667
2	92	7.230638464107	0.103333333334
2	105	7.611039643741	0.101666666667
2	117	7.814395199297	0.101688888889
2	147	8.017728532631	0.101666666667
2	154	10.191252957664	0.101666666667
2	166	10.394597402109	0.101677777778
2	195	10.597930735443	0.101666666667
2	230	13.336371246094	0.101666666667
2	245	13.438037912761	0.101666666667
2	289	16.330168045659	0.101666666667
2	301	16.411744509091	0.101666666667
2	309	16.431834712326	0.101666666667
2	327	16.615111175758	0.101666666667
2	337	16.616777842425	0.103333333334
2	377	20.206160483617	0.101666666667
2	392	20.307827150284	0.101666666667
2	721	24.82572722668	0.101666666667
2	745	24.927393893347	0.101666666667
2	1141	28.540677548988	0.101666666667
2	1166	28.642344215655	0.101666666667
2	1538	32.285950105505	0.101666666667
2	1570	32.489361216616	0.101744444444
2	1616	32.69269454995	0.101666666667
2	1621	32.698870235452	0.101666666667
2	1661	32.902259124341	0.101666666667
2	1665	32.903925791008	0.103333333334
2	1698	33.108870235452	0.101666666667

